637075248083537506663272440232426654167732284563730454751188717841110374753821807138406184
641130678015456402331178855626206610227170677850625287477876373006541348158527072452301280
304432608625577724853743236801518614087838771327638560340244636620248822815770084167342646
010482374501888567155103218716641637566377564365762332803476647112028058052635541772068110
843148806504783011277784577242555604068162465214851173408023236062617178170756105562421148
826880716635310447186245864460067321411402521026626707134370453662661288865613000877455365
130831113242275774235618402543655230014315160800327802337603675666724042708317667114331780
542125738135187025657006521422722563378523277576487827633612387728120763870608816684482853
078025737121658346473634271774418680381485212744422412216228713427350637355808603252414656
747220444014032245008204758843531354544778424664087262570480883868762505400022072811878615
870465326478370854727461110605581172143626540866164716825341208662037660331188527666881812
730727783803101277856400574888567738841248451585176710117083711165282701268710462223673655
611443170017766148884805007544035783802733513703864073881405455830861333730717371788682004
877764546366160688230888318543263774703672836846886473107482647258035022563481816403061758
026175006626330284412741743875878027262456044415227323376710050045440347386480601273161358
228020608550034118553314551422320143370415811760002138701842211470406008877456846771667127
023032833281608020527020056381882704655580325663132711073021672360550575341856162668768776
530452105488516418777100505366063604031334832823006541135512556157411652544656301158875300
681246818416613263754235056074624775406742775138283515338036053556764153280248112278123136
544651653453452840784363342600213420517881625586663027833474755224780423773764542420602403
570147108447560252570543032320702114725528442545036774642044058711083504072275527705486111
615706022377781880017653028752051243785258868864878225811828836636774272083028012207614325
377580627561721282832220016327725680832055888184076405514826456210225833311488412618007378
480357436841077461737877873315262467810113633452235064821461274872506870226318765532035068
568424807750826783472888706346270258823285366848423513218210480484374576088880537053115565
601842720464564226883441111565555264368046434555358200217562024117470475780647425642581254
661737035438425816503125482332572313306065658215318021238537545015358052058582563563464026
237228088374735077066116500052021884278874614581353508202155765807522552343385005123777881
756082301432615178867316431873228270446013478458354463153600233733765852750267124124013447
152261702182686760105084635816664377544647684112747752128118886404156850215417173547588284
368814350436823853741547203811006805647152277433875403680310578586338765701025313156154687
356078584561234520478057811241411376367666177776432623305511512710236633706518221583871804
361775615681631045825670333486271642824637252484132683662460874818630610016250732468586584
580405880274137021371442582616165823130314885700187553612763483086206583046460514167306447
682532655416850342256436478007486150542667826457286064538000454738613563254661744453580385
372554834881404463440674785880757668771212687520467744424450088287621753055645567432155618
080547536436858877655384083203471018445331812501750237116617123003634706218412418523154882
420267317301362606181254483558170172161615646066518810414022367105148156820338374021027871
185457685052740426244113455108127801631076717454346710214501644011517302542402326808885520
860265777611203820005821700541816665047434245180840268424538067543134866864503022167811664
608330743725251001725626886241238872337243454048448054417006881066328221586627172013340474
456027431153103868830218733625678656108370677552248732643840620538542545115254663557127015
084828748465464883405742622557585570554685163113370382634158566354750201541836347113488114
086835653780485475841841643412516854776717863485743020572782712085043182066565637258452003
751582148862336285343037561005453110282874112026514614207000126232374734488802660172564561
663681618362367066533383503625753726044608015273038034880787147516121886872774564388564401
558783548360821878178485340120815456584735671844208016240574627276117882853728471252177005
571884448004415435744113366233006835232152555622427461524806057835583763301562216257888621
656655034840458646607805180764521250381050854663775315401567366854623880435435878107750612
471068240783554180825115407131686303804258772351263461466557808733853541332655816402877430
8
8
3
1
1
2
3
7
5
3
5
7
2
3
3
2
5
1
2
3
7
1
3
6
0
3
1
0
7
2
2
6
3
8
0
1
1
8
3
7
8
0
6
1
4
6
1
7
8
3
5
2
0
0
6
8
6
1
3
0
2
1
5
3
6
0
4
6
2
2
3
6
1
2
3
4
8
2
7
6
6
0
1
2
1
5
4
2
2
0
5
7
0
6
8
3
5
8
2
0
0
4
2
1
6
0
1
3
6
4
8
3
4
2
5
4
0
0
6
5
1
8
5
5
0
5
2
2
5
5
2
5
0
8
8
4
8
7
2
6
0
0
2
1
2
3
7
5
6
8
